Natoms= 500 
Volume= 500000.0000
v_sqrd:
2.9992373516
3.0021534643
3.0102709032
3.0105082632
3.0108097371
3.0130001035
3.0205250915
3.0137985927
3.0188856003
3.0206705106
3.0239585690
3.0299099696
3.0255438341
3.0273157302
3.0267594743
3.0306642679
3.0319465781
3.0355803947
3.0486783060
3.0418921665
3.0403185861
3.0439691137
3.0457622849
3.0435495623
3.0496465862
3.0486596998
3.0494114212
3.0530086689
3.0647619886
3.0678983972
3.0656571807
3.0662466655
3.0645984042
3.0646110109
3.0637317427
3.0678080864
3.0795395356
3.0780724526
3.0870903559
3.0854247834
3.0808471107
3.0874646776
3.0893687626
3.0869670825
3.1021730453
3.0874458279
3.0954546673
3.0897816247
3.0935002120
3.0927468934
3.0989514324
3.1092227121
3.1097772359
3.1139165129
3.1085258164
3.1247088798
3.1234371426
3.1272033638
3.1310923583
3.1228137545
3.1176860259
3.1257182140
3.1303583829
3.1428655630
3.1317328363
3.1342976191
3.1269700754
3.1285200943
3.1314592042
3.1394076402
3.1383065549
3.1405310190
3.1440960558
3.1460611960
3.1530657605
3.1566229802
3.1555615707
3.1604203135
3.1487964678
3.1510553897
3.1663956148
3.1678590174
3.1655238252
3.1657543792
3.1645832362
3.1697375787
3.1713113534
3.1778807843
3.1864872945
3.1754559511
3.1810328891
3.1809228031
3.1800417866
3.1826090450
3.1844986106
3.1885737187
3.1971664333
3.1929372664
3.1994578018
3.1990688352
3.2048272907
3.2144551085
3.2103137590
3.2118436076
3.2126746725
3.2132887508
3.2096301837
3.2096955512
3.2205626457
3.2208331879
3.2207198337
3.2212364251
3.2221265297
3.2246040364
3.2324913727
3.2321926768
3.2289323161
3.2320038917
3.2293844587
3.2317989175
3.2351618709
3.2424634980
3.2408391032
3.2411308468
3.2453087911
3.2467839112
3.2590609607
3.2563474713
3.2629653421
3.2637231502
3.2594561352
3.2611409060
3.2642308503
3.2641812479
3.2754887747
3.2706989285
3.2745721107
3.2778779956
3.2966079394
3.2770544859
3.2863676502
3.2803529120
3.2880444683
3.2915143533
3.2861096366
3.2883148919
3.2965874929
3.2982722592
3.2974651677
3.2953249665
3.2952634814
3.3050636000
3.3027999352
3.3163365617
3.3072883153
3.3115715885
3.3116017334
3.3121920768
3.3127496684
3.3186444795
3.3168523521
3.3258348371
3.3310299612
3.3298103244
3.3329171555
3.3319643627
3.3381688029
3.3381236637
3.3433288713
3.3402107457
3.3383014455
3.3396952079
3.3476481337
3.3476653958
3.3520747754
3.3534718820
3.3576395724
3.3543861971
3.3573206295
3.3567804692
3.3582910909
3.3740208310
3.3694812584
3.3714628878
3.3678113033
3.3732387385
3.3738917819
3.3779311377
3.3780531216
3.3785366750
3.3779316844
3.3896069663
3.3963754685
3.3888754431
3.3834835835
3.3944888641
3.3900029738
3.3970142193
3.3903057124
3.4021444241
3.4051518773
3.3977715128
3.3983824784
3.3993902310
3.4023096123
3.4144486368
3.4189707791
3.4239984220
3.4190398719
3.4198656134
3.4204696637
3.4185507752
3.4202471473
3.4268193604
3.4362063921
3.4378158887
3.4398840619
3.4437723818
3.4337005256
3.4343420433
3.4370854503
3.4469782555
3.4386711483
3.4449089046
3.4443240909
3.4497814825
3.4469270465
3.4652012162
3.4593048366
3.4625076461
3.4638528535
3.4626344901
3.4690680495
3.4772197609
3.4749395880
3.4832726968
3.4873927554
3.4955206319
3.4886145107
3.4858785250
3.4876457424
3.4915193822
3.4923343161
3.4890154443
3.4892627631
3.4985011747
3.5012080246
3.4970349649
3.5009030045
3.5046967161
3.5148337276
3.5119295548
3.5104105013
3.5143656584
3.5221714821
3.5149371646
3.5196681763
3.5252511062
3.5217483126
3.5208280401
3.5236413341
3.5300537496
3.5257854720
3.5272141787
3.5314737278
3.5299840504
3.5312113196
3.5351163056
3.5391830492
3.5395768097
3.5420860285
3.5447711545
3.5432177360
3.5540537175
3.5434578076
3.5559026059
3.5627458925
3.5601016186
3.5575239517
3.5628419124
3.5698222344
3.5685614549
3.5700993941
3.5752791757
3.5696986127
3.5728834147
3.5733194484
3.5779543950
3.5747348724
3.5893364601
3.5819811321
3.5858824976
3.5905026427
3.5977728378
3.6047120901
3.5986970050
3.5999247664
3.6104201084
3.6078125067
3.6009872999
3.6063277431
3.6035402595
3.6044436916
3.6159123136
3.6143823980
3.6097420866
3.6192124859
3.6177209287
3.6213813808
3.6199923356
3.6297385639
3.6293641450
3.6360915052
3.6347223669
3.6338961756
3.6404150011
3.6404975335
3.6420215915
3.6446735552
3.6415435825
3.6419467360
3.6423786772
3.6437085701
3.6480803151
3.6513495157
3.6545513982
3.6632858965
3.6640565142
3.6631694276
3.6694426539
3.6762957953
3.6736803698
3.6686266484
3.6709210688
3.6737457375
3.6860074542
3.6834192038
3.6775746454
3.6788619119
3.6874651294
3.6753653673
3.6820708598
3.6919647642
3.6881916281
3.6972046953
3.6987688371
3.6963406181
3.6933369112
3.6986657779
3.7074527007
3.7146258649
3.7100487813
3.7200800940
3.7064473224
3.7041863800
3.7109887873
3.7141400387
3.7189803316
3.7251683410
3.7255360165
3.7184966285
3.7224276176
3.7192645293
3.7226296517
3.7294077831
3.7402628285
3.7315584642
3.7345689172
3.7345902860
3.7426384327
3.7443584464
3.7444945280
3.7484136554
3.7468854727
3.7527721266
3.7662548451
3.7558432013
3.7606573678
3.7571242096
3.7601729813
3.7600274849
3.7653534563
3.7764266584
3.7719182318
3.7724371213
3.7778704495
3.7746169895
3.7735671314
3.7748432839
3.7765243575
3.7789508576
3.7843132817
3.7908329831
3.7903274979
3.7970265435
3.7920309738
3.7936880166
3.7932381466
3.7989086206
3.7961236119
3.7951739376
3.8037151601
3.8067221275
3.8079192035
3.8168087590
3.8141739587
3.8163952670
3.8194075461
3.8167391339
3.8184877225
3.8254635315
3.8222982620
3.8312091504
3.8270395659
3.8353569082
3.8284472868
3.8335678239
3.8348265210
3.8419007542
3.8459404394
3.8572097301
3.8450294617
3.8493914752
3.8498948260
3.8443606885
3.8468731560
3.8548951790
3.8546307491
3.8587328370
3.8683118270
3.8691591987
3.8703847002
3.8663892568
3.8750742111
3.8762651959
3.8856406432
3.8831999204
3.8826039377
3.8822352931
3.8787783374
3.8894217827
3.8835933527
3.8840518146
3.8903781137
3.8896149815
3.8905231248
3.8952123173
3.9029127271
3.9050952008
3.9016170555
3.9140051128
3.9107729390
3.8995385938
3.9026808778
3.9186312721
3.9235421362
3.9166596645
3.9126923365
3.9161779334
3.9150214796
3.9206623586
3.9213459630
3.9259211599
3.9269583342
3.9295127790
3.9302940306
3.9414936616
3.9429387931
3.9371348194
3.9412607308
3.9576763906
3.9466228841
3.9491840476
3.9444792092
3.9494035600
3.9453143708
3.9543802060
3.9694424473
3.9610237295
3.9708080357
3.9584908811
3.9647370432
3.9738421258
3.9781293520
3.9826092670
3.9712454325
3.9767968710
3.9778297466
3.9717513982
3.9774835876
3.9828238071
3.9898864711
3.9900406609
3.9834981122
3.9815132524
3.9948701239
4.0010915749
4.0027079842
4.0038755140
3.9980008840
3.9920012401
4.0002466061
4.0015318262
3.9965614773
4.0144879705
4.0153194885
4.0109729073
4.0144146712
4.0204243012
4.0166515383
4.0247316388
4.0190021861
4.0202229264
4.0286800812
4.0310411420
4.0321949083
4.0388123479
4.0417737645
4.0421344479
4.0416173813
4.0429277758
4.0440923031
4.0443871908
4.0470426359
4.0501725374
4.0489263550
4.0466546575
4.0506929939
4.0580566169
4.0574014131
4.0655069595
4.0708679004
4.0599457883
4.0678850205
4.0711066597
4.0671430105
4.0738393596
4.0834500037
4.0837920630
4.0775533718
4.0721071115
4.0897418829
4.0900297307
4.0879143931
4.0906095933
4.0960827381
4.0882703990
4.1002014027
4.0967204391
4.1073481905
4.1029497723
4.1072968837
4.1063448778
4.1016999310
4.1144544703
4.1112575488
4.1171712625
4.1188801437
4.1220560781
4.1333408021
4.1239946172
4.1260258630
4.1195750169
4.1257826588
4.1283172787
4.1370310946
4.1488824757
4.1361205769
4.1323435275
4.1409072979
4.1417154600
4.1518463291
4.1574191057
4.1500754462
4.1611460263
4.1573475550
4.1581492673
4.1629408449
4.1611382946
4.1674020200
4.1642996751
4.1658415332
4.1649559307
4.1690969889
4.1739650201
4.1775590603
4.1770447956
4.1757373764
4.1823025468
4.1804574778
4.1837757317
4.1906423333
4.2049159188
4.1888228973
4.1924034740
4.1905100922
4.1915555061
4.1912183847
4.2079685251
4.2205461957
4.2072102089
4.2002590001
4.2095324449
4.2110028170
4.2123461372
4.2110473491
4.2178981060
4.2146904461
4.2163737389
4.2292231801
4.2241812774
4.2234873125
4.2286880979
4.2252733925
4.2372094280
4.2285347259
4.2346895911
4.2402089704
4.2387772141
4.2436147775
4.2441451955
4.2513941071
4.2483405084
4.2451567328
4.2456668288
4.2530007218
4.2499809428
4.2601093976
4.2567741403
4.2602459858
4.2618262935
4.2743641549
4.2632819147
4.2783742962
4.2740613067
4.2677642855
4.2700481821
4.2722409011
4.2750774741
4.2855822187
4.2799004729
4.2907228660
4.2892106284
4.2955067882
4.2857259833
4.2875388043
4.2937021805
4.3043593310
4.3046673767
4.2964876972
4.3115461922
4.3131124334
4.3132413794
4.3105458106
4.3171588461
4.3138144700
4.3157752196
4.3205173504
4.3159431901
4.3145825391
4.3190134061
4.3279599157
4.3259550779
4.3288947849
4.3352778458
4.3319251998
4.3377928593
4.3350498905
4.3292998331
4.3432770832
4.3551420844
4.3477898122
4.3508433917
4.3539819075
4.3586050693
4.3567742043
4.3648480109
4.3708807059
4.3580616349
4.3564746943
4.3566987274
4.3606049973
4.3600020517
4.3683376475
4.3732190524
4.3800379107
4.3769380837
4.3806070549
4.3772975576
4.3787848584
4.3677975031
4.3827607208
4.3800753470
4.3833985366
4.3942110015
4.3919762784
4.3890426076
4.3938978009
4.3914177209
4.4008931649
4.4002601333
4.4083187914
4.4005936462
4.4073634793
4.4062964355
4.4184038235
4.4050585364
4.4075549266
4.4164352741
4.4231775490
4.4284388400
4.4411841369
4.4273310516
4.4285129337
4.4265315586
4.4274017221
4.4296925909
4.4320263822
4.4457239399
4.4395611909
4.4368882679
4.4435268382
4.4525219081
4.4543112742
4.4404022805
4.4490768161
4.4475949276
4.4475899868
4.4499430157
4.4595770701
4.4603933036
4.4723810017
4.4619378098
4.4615294527
4.4724604902
4.4773654114
4.4856187458
4.4760674093
4.4713003715
4.4787907913
4.4769927978
4.4804310668
4.4844814179
4.4888584002
4.4808822485
4.4857953546
4.4913548212
4.4951968705
4.4980896319
4.4906053556
4.4985403217
4.5015732138
4.5061751514
4.4990578418
4.5036974529
4.5101152682
4.5142074871
4.5254328416
4.5194668316
4.5189087001
4.5047341435
4.5169399367
4.5261449924
4.5277096221
4.5327543253
4.5306686639
4.5297504132
4.5365085013
4.5467449868
4.5464266315
4.5401702549
4.5532833504
4.5547169267
4.5493546816
4.5536172541
4.5580779196
4.5498597398
4.5503065599
4.5539241078
4.5547923445
4.5555780885
4.5600289820
4.5675966555
4.5781680776
4.5724799080
4.5708481373
4.5741981822
4.5841230087
4.5763707660
4.5832273116
4.5823300748
4.5793806575
4.5780400287
4.5770761582
4.5842308820
4.5908720993
4.5868029013
4.5874526940
4.5997332827
4.6063838362
4.6096989574
4.6022953371
4.5998487253
4.6015334252
4.6061763757
4.6135669166
4.6077691121
4.6109918056
4.6188461491
4.6186684435
4.6251863072
4.6225396937
4.6272363696
4.6370271840
4.6348272099
4.6346714795
4.6374228887
4.6438041006
4.6496651103
4.6542018952
4.6493013520
4.6414394996
4.6412857190
4.6434655286
4.6497757085
4.6504773038
4.6602962547
4.6616959178
4.6644416693
4.6733321949
4.6594833224
4.6680849657
4.6626535363
4.6756707469
4.6653417040
4.6801996611
4.6793337452
4.6839068228
4.6780212206
4.6836551170
4.6785935694
4.6917896784
4.6837238268
4.6894591161
4.6822293617
4.6775725873
4.6950869944
4.6992649094
4.6971788032
4.6990033218
4.7002856783
4.7083917741
4.7181968351
4.7138688230
4.7154389229
4.7080364936
4.7213683682
4.7166762426
4.7182810124
4.7211293420
4.7224957939
4.7252583262
4.7284588184
4.7264777738
4.7337977294
4.7347799604
4.7362454303
4.7335048857
4.7404518613
4.7474363585
4.7523538018
4.7327997135
4.7455077493
4.7509933270
4.7538422878
4.7572191318
4.7528398309
4.7576680739
4.7682627452
4.7644765132
4.7718751427
4.7740957580
4.7653145821
4.7695256551
4.7725253809
4.7789040839
4.7779976895
4.7767718000
4.7783888891
4.7805898526
4.7824259739
4.7790160654
4.7837279206
4.7901958378
4.8000043519
4.7987875716
4.7987243210
4.7943220619
4.7966038253
4.7958139614
4.8050206035
4.8178513497
4.8151647269
4.8070979684
4.8102444280
4.8102568541
4.8214169058
4.8156575357
4.8271807043
4.8176721123
4.8275744861
4.8279612442
4.8282259794
4.8305911147
4.8343589272
4.8385979069
4.8313122559
4.8467533288
4.8435495724
4.8456993110
4.8418691538
4.8459707289
4.8451048429
4.8521040307
4.8491224032
4.8619463096
4.8588845223
4.8560016385
4.8642207886
4.8592011275
4.8706392564
4.8721017137
4.8719904771
4.8646528015
4.8744966928
4.8727125181
4.8750291456
4.8794381750
4.8791083985
4.8854729163
4.8900674831
4.8885490570
4.8979577175
4.8922591229
4.8905465903
4.8921009576
4.8840884577
4.9032581729
4.9018647094
4.9006388782
4.9000675973
4.9053190639
4.9175979104
4.9101618997
4.9117455625
4.9167861148
4.9061384821
4.9202762633
4.9163043132
4.9226041576
4.9376163411
4.9290247485
4.9280355422
4.9281820684
4.9382363990
4.9383011595
4.9334774375
4.9416986279
4.9381742124
4.9473065435
4.9115200233
4.9445894753
4.9517784064
4.9521907885
4.9537156149
4.9522557732
4.9577702561
4.9599679746
4.9557768915
4.9693063406
4.9648247577
4.9724136703
4.9706947099
4.9717700634
4.9771944003
4.9694771561
4.9717778297
4.9772703487
4.9768294315
4.9877233490
4.9755197004
4.9825666541
4.9944410005
4.9966526106
4.9979829484
4.9979101617
5.0009691085
4.9968926328
4.9937768438
5.0051902665
5.0080347239
